140.00  1.576e-01  4.183e-02  2.294e-02  2.732e-03  3.795e-04  7.884e-05  1.179e-07 
 142.00  1.590e-01  4.427e-02  2.463e-02  2.948e-03  4.201e-04  8.902e-05  1.461e-07 
 144.00  1.602e-01  4.673e-02  2.634e-02  3.168e-03  4.627e-04  9.999e-05  1.796e-07 
 146.00  1.612e-01  4.921e-02  2.808e-02  3.393e-03  5.074e-04  1.117e-04  2.192e-07 
 148.00  1.621e-01  5.170e-02  2.984e-02  3.621e-03  5.537e-04  1.243e-04  2.656e-07 
 150.00  1.628e-01  5.418e-02  3.162e-02  3.852e-03  6.020e-04  1.375e-04  3.196e-07 
 152.00  1.634e-01  5.669e-02  3.342e-02  4.084e-03  6.520e-04  1.516e-04  3.820e-07 
 154.00  1.638e-01  5.915e-02  3.520e-02  4.316e-03  7.032e-04  1.663e-04  4.535e-07 
 156.00  1.641e-01  6.163e-02  3.700e-02  4.550e-03  7.559e-04  1.817e-04  5.354e-07 
 158.00  1.645e-01  6.414e-02  3.882e-02  4.786e-03  8.104e-04  1.980e-04  6.288e-07 
 160.00  1.646e-01  6.659e-02  4.060e-02  5.016e-03  8.653e-04  2.147e-04  7.337e-07 
 162.00  1.645e-01  6.900e-02  4.235e-02  5.244e-03  9.205e-04  2.320e-04  8.517e-07 
 164.00  1.645e-01  7.144e-02  4.412e-02  5.473e-03  9.772e-04  2.501e-04  9.839e-07 
 166.00  1.645e-01  7.380e-02  4.581e-02  5.687e-03  1.032e-03  2.686e-04  1.131e-06 
 168.00  1.644e-01  7.617e-02  4.753e-02  5.911e-03  1.089e-03  2.876e-04  1.295e-06 
 170.00  1.641e-01  7.850e-02  4.922e-02  6.125e-03  1.147e-03  3.071e-04  1.475e-06 
 172.00  1.639e-01  8.086e-02  5.090e-02  6.346e-03  1.206e-03  3.272e-04  1.674e-06 
 174.00  1.636e-01  8.315e-02  5.255e-02  6.555e-03  1.263e-03  3.475e-04  1.891e-06 
 176.00  1.632e-01  8.537e-02  5.412e-02  6.761e-03  1.321e-03  3.682e-04  2.128e-06 
 178.00  1.628e-01  8.760e-02  5.571e-02  6.963e-03  1.380e-03  3.892e-04  2.386e-06 
 180.00  1.625e-01  8.980e-02  5.722e-02  7.148e-03  1.434e-03  4.106e-04  2.667e-06 
